ASC_CAR = 0.5982378956514375
ASC_TRAIN = -0.014342713234587455
B_COST = 0.03309518113635025
B_HE = -0.006340272501272966
B_TIME = -3.108141527836244
B_TIME_S = 3.6556736457389145
